var table = [[["1","10","11","100","101","110","111","1000","1001","1010","1011","1100","1101","1110","1111","10000"],["10","100","110","1000","1010","1100","1110","10000","10010","10100","10110","11000","11010","11100","11110","100000"],["11","110","1001","1100","1111","10010","10101","11000","11011","11110","100001","100100","100111","101010","101101","110000"],["100","1000","1100","10000","10100","11000","11100","100000","100100","101000","101100","110000","110100","111000","111100","1000000"],["101","1010","1111","10100","11001","11110","100011","101000","101101","110010","110111","111100","1000001","1000110","1001011","1010000"],["110","1100","10010","11000","11110","100100","101010","110000","110110","111100","1000010","1001000","1001110","1010100","1011010","1100000"],["111","1110","10101","11100","100011","101010","110001","111000","111111","1000110","1001101","1010100","1011011","1100010","1101001","1110000"],["1000","10000","11000","100000","101000","110000","111000","1000000","1001000","1010000","1011000","1100000","1101000","1110000","1111000","10000000"],["1001","10010","11011","100100","101101","110110","111111","1001000","1010001","1011010","1100011","1101100","1110101","1111110","10000111","10010000"],["1010","10100","11110","101000","110010","111100","1000110","1010000","1011010","1100100","1101110","1111000","10000010","10001100","10010110","10100000"],["1011","10110","100001","101100","110111","1000010","1001101","1011000","1100011","1101110","1111001","10000100","10001111","10011010","10100101","10110000"],["1100","11000","100100","110000","111100","1001000","1010100","1100000","1101100","1111000","10000100","10010000","10011100","10101000","10110100","11000000"],["1101","11010","100111","110100","1000001","1001110","1011011","1101000","1110101","10000010","10001111","10011100","10101001","10110110","11000011","11010000"],["1110","11100","101010","111000","1000110","1010100","1100010","1110000","1111110","10001100","10011010","10101000","10110110","11000100","11010010","11100000"],["1111","11110","101101","111100","1001011","1011010","1101001","1111000","10000111","10010110","10100101","10110100","11000011","11010010","11100001","11110000"],["10000","100000","110000","1000000","1010000","1100000","1110000","10000000","10010000","10100000","10110000","11000000","11010000","11100000","11110000","100000000"]],[["1","2","10","11","12","20","21","22","100","101","102","110","111","112","120","121"],["2","11","20","22","101","110","112","121","200","202","211","220","222","1001","1010","1012"],["10","20","100","110","120","200","210","220","1000","1010","1020","1100","1110","1120","1200","1210"],["11","22","110","121","202","220","1001","1012","1100","1111","1122","1210","1221","2002","2020","2101"],["12","101","120","202","221","1010","1022","1111","1200","1212","2001","2020","2102","2121","2210","2222"],["20","110","200","220","1010","1100","1120","1210","2000","2020","2110","2200","2220","10010","10100","10120"],["21","112","210","1001","1022","1120","1211","2002","2100","2121","2212","10010","10101","10122","10220","11011"],["22","121","220","1012","1111","1210","2002","2101","2200","2222","10021","10120","10212","11011","11110","11202"],["100","200","1000","1100","1200","2000","2100","2200","10000","10100","10200","11000","11100","11200","12000","12100"],["101","202","1010","1111","1212","2020","2121","2222","10100","10201","11002","11110","11211","12012","12120","12221"],["102","211","1020","1122","2001","2110","2212","10021","10200","11002","11111","11220","12022","12201","20010","20112"],["110","220","1100","1210","2020","2200","10010","10120","11000","11110","11220","12100","12210","20020","20200","21010"],["111","222","1110","1221","2102","2220","10101","10212","11100","11211","12022","12210","20021","20202","21020","21201"],["112","1001","1120","2002","2121","10010","10122","11011","11200","12012","12201","20020","20202","21021","21210","22022"],["120","1010","1200","2020","2210","10100","10220","11110","12000","12120","20010","20200","21020","21210","22100","22220"],["121","1012","1210","2101","2222","10120","11011","11202","12100","12221","20112","21010","21201","22022","22220","100111"]],[["1","2","3","10","11","12","13","20","21","22","23","30","31","32","33","100"],["2","10","12","20","22","30","32","100","102","110","112","120","122","130","132","200"],["3","12","21","30","33","102","111","120","123","132","201","210","213","222","231","300"],["10","20","30","100","110","120","130","200","210","220","230","300","310","320","330","1000"],["11","22","33","110","121","132","203","220","231","302","313","330","1001","1012","1023","1100"],["12","30","102","120","132","210","222","300","312","330","1002","1020","1032","1110","1122","1200"],["13","32","111","130","203","222","301","320","333","1012","1031","1110","1123","1202","1221","1300"],["20","100","120","200","220","300","320","1000","1020","1100","1120","1200","1220","1300","1320","2000"],["21","102","123","210","231","312","333","1020","1101","1122","1203","1230","1311","1332","2013","2100"],["22","110","132","220","302","330","1012","1100","1122","1210","1232","1320","2002","2030","2112","2200"],["23","112","201","230","313","1002","1031","1120","1203","1232","1321","2010","2033","2122","2211","2300"],["30","120","210","300","330","1020","1110","1200","1230","1320","2010","2100","2130","2220","2310","3000"],["31","122","213","310","1001","1032","1123","1220","1311","2002","2033","2130","2221","2312","3003","3100"],["32","130","222","320","1012","1110","1202","1300","1332","2030","2122","2220","2312","3010","3102","3200"],["33","132","231","330","1023","1122","1221","1320","2013","2112","2211","2310","3003","3102","3201","3300"],["100","200","300","1000","1100","1200","1300","2000","2100","2200","2300","3000","3100","3200","3300","10000"]],[["1","2","3","4","10","11","12","13","14","20","21","22","23","24","30","31"],["2","4","11","13","20","22","24","31","33","40","42","44","101","103","110","112"],["3","11","14","22","30","33","41","44","102","110","113","121","124","132","140","143"],["4","13","22","31","40","44","103","112","121","130","134","143","202","211","220","224"],["10","20","30","40","100","110","120","130","140","200","210","220","230","240","300","310"],["11","22","33","44","110","121","132","143","204","220","231","242","303","314","330","341"],["12","24","41","103","120","132","144","211","223","240","302","314","331","343","410","422"],["13","31","44","112","130","143","211","224","242","310","323","341","404","422","440","1003"],["14","33","102","121","140","204","223","242","311","330","344","413","432","1001","1020","1034"],["20","40","110","130","200","220","240","310","330","400","420","440","1010","1030","1100","1120"],["21","42","113","134","210","231","302","323","344","420","441","1012","1033","1104","1130","1201"],["22","44","121","143","220","242","314","341","413","440","1012","1034","1111","1133","1210","1232"],["23","101","124","202","230","303","331","404","432","1010","1033","1111","1134","1212","1240","1313"],["24","103","132","211","240","314","343","422","1001","1030","1104","1133","1212","1241","1320","1344"],["30","110","140","220","300","330","410","440","1020","1100","1130","1210","1240","1320","1400","1430"],["31","112","143","224","310","341","422","1003","1034","1120","1201","1232","1313","1344","1430","2011"]],[["1","2","3","4","5","10","11","12","13","14","15","20","21","22","23","24"],["2","4","10","12","14","20","22","24","30","32","34","40","42","44","50","52"],["3","10","13","20","23","30","33","40","43","50","53","100","103","110","113","120"],["4","12","20","24","32","40","44","52","100","104","112","120","124","132","140","144"],["5","14","23","32","41","50","55","104","113","122","131","140","145","154","203","212"],["10","20","30","40","50","100","110","120","130","140","150","200","210","220","230","240"],["11","22","33","44","55","110","121","132","143","154","205","220","231","242","253","304"],["12","24","40","52","104","120","132","144","200","212","224","240","252","304","320","332"],["13","30","43","100","113","130","143","200","213","230","243","300","313","330","343","400"],["14","32","50","104","122","140","154","212","230","244","302","320","334","352","410","424"],["15","34","53","112","131","150","205","224","243","302","321","340","355","414","433","452"],["20","40","100","120","140","200","220","240","300","320","340","400","420","440","500","520"],["21","42","103","124","145","210","231","252","313","334","355","420","441","502","523","544"],["22","44","110","132","154","220","242","304","330","352","414","440","502","524","550","1012"],["23","50","113","140","203","230","253","320","343","410","433","500","523","550","1013","1040"],["24","52","120","144","212","240","304","332","400","424","452","520","544","1012","1040","1104"]],[["1","2","3","4","5","6","10","11","12","13","14","15","16","20","21","22"],["2","4","6","11","13","15","20","22","24","26","31","33","35","40","42","44"],["3","6","12","15","21","24","30","33","36","42","45","51","54","60","63","66"],["4","11","15","22","26","33","40","44","51","55","62","66","103","110","114","121"],["5","13","21","26","34","42","50","55","63","101","106","114","122","130","135","143"],["6","15","24","33","42","51","60","66","105","114","123","132","141","150","156","165"],["10","20","30","40","50","60","100","110","120","130","140","150","160","200","210","220"],["11","22","33","44","55","66","110","121","132","143","154","165","206","220","231","242"],["12","24","36","51","63","105","120","132","144","156","201","213","225","240","252","264"],["13","26","42","55","101","114","130","143","156","202","215","231","244","260","303","316"],["14","31","45","62","106","123","140","154","201","215","232","246","263","310","324","341"],["15","33","51","66","114","132","150","165","213","231","246","264","312","330","345","363"],["16","35","54","103","122","141","160","206","225","244","263","312","331","350","366","415"],["20","40","60","110","130","150","200","220","240","260","310","330","350","400","420","440"],["21","42","63","114","135","156","210","231","252","303","324","345","366","420","441","462"],["22","44","66","121","143","165","220","242","264","316","341","363","415","440","462","514"]],[["1","2","3","4","5","6","7","10","11","12","13","14","15","16","17","20"],["2","4","6","10","12","14","16","20","22","24","26","30","32","34","36","40"],["3","6","11","14","17","22","25","30","33","36","41","44","47","52","55","60"],["4","10","14","20","24","30","34","40","44","50","54","60","64","70","74","100"],["5","12","17","24","31","36","43","50","55","62","67","74","101","106","113","120"],["6","14","22","30","36","44","52","60","66","74","102","110","116","124","132","140"],["7","16","25","34","43","52","61","70","77","106","115","124","133","142","151","160"],["10","20","30","40","50","60","70","100","110","120","130","140","150","160","170","200"],["11","22","33","44","55","66","77","110","121","132","143","154","165","176","207","220"],["12","24","36","50","62","74","106","120","132","144","156","170","202","214","226","240"],["13","26","41","54","67","102","115","130","143","156","171","204","217","232","245","260"],["14","30","44","60","74","110","124","140","154","170","204","220","234","250","264","300"],["15","32","47","64","101","116","133","150","165","202","217","234","251","266","303","320"],["16","34","52","70","106","124","142","160","176","214","232","250","266","304","322","340"],["17","36","55","74","113","132","151","170","207","226","245","264","303","322","341","360"],["20","40","60","100","120","140","160","200","220","240","260","300","320","340","360","400"]],[["1","2","3","4","5","6","7","8","10","11","12","13","14","15","16","17"],["2","4","6","8","11","13","15","17","20","22","24","26","28","31","33","35"],["3","6","10","13","16","20","23","26","30","33","36","40","43","46","50","53"],["4","8","13","17","22","26","31","35","40","44","48","53","57","62","66","71"],["5","11","16","22","27","33","38","44","50","55","61","66","72","77","83","88"],["6","13","20","26","33","40","46","53","60","66","73","80","86","103","110","116"],["7","15","23","31","38","46","54","62","70","77","85","103","111","118","126","134"],["8","17","26","35","44","53","62","71","80","88","107","116","125","134","143","152"],["10","20","30","40","50","60","70","80","100","110","120","130","140","150","160","170"],["11","22","33","44","55","66","77","88","110","121","132","143","154","165","176","187"],["12","24","36","48","61","73","85","107","120","132","144","156","168","181","203","215"],["13","26","40","53","66","80","103","116","130","143","156","170","183","206","220","233"],["14","28","43","57","72","86","111","125","140","154","168","183","207","222","236","251"],["15","31","46","62","77","103","118","134","150","165","181","206","222","237","253","268"],["16","33","50","66","83","110","126","143","160","176","203","220","236","253","270","286"],["17","35","53","71","88","116","134","152","170","187","215","233","251","268","286","314"]],[["1","2","3","4","5","6","7","8","9","10","11","12","13","14","15","16"],["2","4","6","8","10","12","14","16","18","20","22","24","26","28","30","32"],["3","6","9","12","15","18","21","24","27","30","33","36","39","42","45","48"],["4","8","12","16","20","24","28","32","36","40","44","48","52","56","60","64"],["5","10","15","20","25","30","35","40","45","50","55","60","65","70","75","80"],["6","12","18","24","30","36","42","48","54","60","66","72","78","84","90","96"],["7","14","21","28","35","42","49","56","63","70","77","84","91","98","105","112"],["8","16","24","32","40","48","56","64","72","80","88","96","104","112","120","128"],["9","18","27","36","45","54","63","72","81","90","99","108","117","126","135","144"],["10","20","30","40","50","60","70","80","90","100","110","120","130","140","150","160"],["11","22","33","44","55","66","77","88","99","110","121","132","143","154","165","176"],["12","24","36","48","60","72","84","96","108","120","132","144","156","168","180","192"],["13","26","39","52","65","78","91","104","117","130","143","156","169","182","195","208"],["14","28","42","56","70","84","98","112","126","140","154","168","182","196","210","224"],["15","30","45","60","75","90","105","120","135","150","165","180","195","210","225","240"],["16","32","48","64","80","96","112","128","144","160","176","192","208","224","240","256"]],[["1","2","3","4","5","6","7","8","9","a","10","11","12","13","14","15"],["2","4","6","8","a","11","13","15","17","19","20","22","24","26","28","2a"],["3","6","9","11","14","17","1a","22","25","28","30","33","36","39","41","44"],["4","8","11","15","19","22","26","2a","33","37","40","44","48","51","55","59"],["5","a","14","19","23","28","32","37","41","46","50","55","5a","64","69","73"],["6","11","17","22","28","33","39","44","4a","55","60","66","71","77","82","88"],["7","13","1a","26","32","39","45","51","58","64","70","77","83","8a","96","a2"],["8","15","22","2a","37","44","51","59","66","73","80","88","95","a2","aa","107"],["9","17","25","33","41","4a","58","66","74","82","90","99","a7","105","113","121"],["a","19","28","37","46","55","64","73","82","91","a0","aa","109","118","127","136"],["10","20","30","40","50","60","70","80","90","a0","100","110","120","130","140","150"],["11","22","33","44","55","66","77","88","99","aa","110","121","132","143","154","165"],["12","24","36","48","5a","71","83","95","a7","109","120","132","144","156","168","17a"],["13","26","39","51","64","77","8a","a2","105","118","130","143","156","169","181","194"],["14","28","41","55","69","82","96","aa","113","127","140","154","168","181","195","1a9"],["15","2a","44","59","73","88","a2","107","121","136","150","165","17a","194","1a9","213"]],[["1","2","3","4","5","6","7","8","9","a","b","10","11","12","13","14"],["2","4","6","8","a","10","12","14","16","18","1a","20","22","24","26","28"],["3","6","9","10","13","16","19","20","23","26","29","30","33","36","39","40"],["4","8","10","14","18","20","24","28","30","34","38","40","44","48","50","54"],["5","a","13","18","21","26","2b","34","39","42","47","50","55","5a","63","68"],["6","10","16","20","26","30","36","40","46","50","56","60","66","70","76","80"],["7","12","19","24","2b","36","41","48","53","5a","65","70","77","82","89","94"],["8","14","20","28","34","40","48","54","60","68","74","80","88","94","a0","a8"],["9","16","23","30","39","46","53","60","69","76","83","90","99","a6","b3","100"],["a","18","26","34","42","50","5a","68","76","84","92","a0","aa","b8","106","114"],["b","1a","29","38","47","56","65","74","83","92","a1","b0","bb","10a","119","128"],["10","20","30","40","50","60","70","80","90","a0","b0","100","110","120","130","140"],["11","22","33","44","55","66","77","88","99","aa","bb","110","121","132","143","154"],["12","24","36","48","5a","70","82","94","a6","b8","10a","120","132","144","156","168"],["13","26","39","50","63","76","89","a0","b3","106","119","130","143","156","169","180"],["14","28","40","54","68","80","94","a8","100","114","128","140","154","168","180","194"]],[["1","2","3","4","5","6","7","8","9","a","b","c","10","11","12","13"],["2","4","6","8","a","c","11","13","15","17","19","1b","20","22","24","26"],["3","6","9","c","12","15","18","1b","21","24","27","2a","30","33","36","39"],["4","8","c","13","17","1b","22","26","2a","31","35","39","40","44","48","4c"],["5","a","12","17","1c","24","29","31","36","3b","43","48","50","55","5a","62"],["6","c","15","1b","24","2a","33","39","42","48","51","57","60","66","6c","75"],["7","11","18","22","29","33","3a","44","4b","55","5c","66","70","77","81","88"],["8","13","1b","26","31","39","44","4c","57","62","6a","75","80","88","93","9b"],["9","15","21","2a","36","42","4b","57","63","6c","78","84","90","99","a5","b1"],["a","17","24","31","3b","48","55","62","6c","79","86","93","a0","aa","b7","c4"],["b","19","27","35","43","51","5c","6a","78","86","94","a2","b0","bb","c9","107"],["c","1b","2a","39","48","57","66","75","84","93","a2","b1","c0","cc","10b","11a"],["10","20","30","40","50","60","70","80","90","a0","b0","c0","100","110","120","130"],["11","22","33","44","55","66","77","88","99","aa","bb","cc","110","121","132","143"],["12","24","36","48","5a","6c","81","93","a5","b7","c9","10b","120","132","144","156"],["13","26","39","4c","62","75","88","9b","b1","c4","107","11a","130","143","156","169"]],[["1","2","3","4","5","6","7","8","9","a","b","c","d","10","11","12"],["2","4","6","8","a","c","10","12","14","16","18","1a","1c","20","22","24"],["3","6","9","c","11","14","17","1a","1d","22","25","28","2b","30","33","36"],["4","8","c","12","16","1a","20","24","28","2c","32","36","3a","40","44","48"],["5","a","11","16","1b","22","27","2c","33","38","3d","44","49","50","55","5a"],["6","c","14","1a","22","28","30","36","3c","44","4a","52","58","60","66","6c"],["7","10","17","20","27","30","37","40","47","50","57","60","67","70","77","80"],["8","12","1a","24","2c","36","40","48","52","5a","64","6c","76","80","88","92"],["9","14","1d","28","33","3c","47","52","5b","66","71","7a","85","90","99","a4"],["a","16","22","2c","38","44","50","5a","66","72","7c","88","94","a0","aa","b6"],["b","18","25","32","3d","4a","57","64","71","7c","89","96","a3","b0","bb","c8"],["c","1a","28","36","44","52","60","6c","7a","88","96","a4","b2","c0","cc","da"],["d","1c","2b","3a","49","58","67","76","85","94","a3","b2","c1","d0","dd","10c"],["10","20","30","40","50","60","70","80","90","a0","b0","c0","d0","100","110","120"],["11","22","33","44","55","66","77","88","99","aa","bb","cc","dd","110","121","132"],["12","24","36","48","5a","6c","80","92","a4","b6","c8","da","10c","120","132","144"]],[["1","2","3","4","5","6","7","8","9","a","b","c","d","e","10","11"],["2","4","6","8","a","c","e","11","13","15","17","19","1b","1d","20","22"],["3","6","9","c","10","13","16","19","1c","20","23","26","29","2c","30","33"],["4","8","c","11","15","19","1d","22","26","2a","2e","33","37","3b","40","44"],["5","a","10","15","1a","20","25","2a","30","35","3a","40","45","4a","50","55"],["6","c","13","19","20","26","2c","33","39","40","46","4c","53","59","60","66"],["7","e","16","1d","25","2c","34","3b","43","4a","52","59","61","68","70","77"],["8","11","19","22","2a","33","3b","44","4c","55","5d","66","6e","77","80","88"],["9","13","1c","26","30","39","43","4c","56","60","69","73","7c","86","90","99"],["a","15","20","2a","35","40","4a","55","60","6a","75","80","8a","95","a0","aa"],["b","17","23","2e","3a","46","52","5d","69","75","81","8c","98","a4","b0","bb"],["c","19","26","33","40","4c","59","66","73","80","8c","99","a6","b3","c0","cc"],["d","1b","29","37","45","53","61","6e","7c","8a","98","a6","b4","c2","d0","dd"],["e","1d","2c","3b","4a","59","68","77","86","95","a4","b3","c2","d1","e0","ee"],["10","20","30","40","50","60","70","80","90","a0","b0","c0","d0","e0","100","110"],["11","22","33","44","55","66","77","88","99","aa","bb","cc","dd","ee","110","121"]],[["1","2","3","4","5","6","7","8","9","a","b","c","d","e","f","10"],["2","4","6","8","a","c","e","10","12","14","16","18","1a","1c","1e","20"],["3","6","9","c","f","12","15","18","1b","1e","21","24","27","2a","2d","30"],["4","8","c","10","14","18","1c","20","24","28","2c","30","34","38","3c","40"],["5","a","f","14","19","1e","23","28","2d","32","37","3c","41","46","4b","50"],["6","c","12","18","1e","24","2a","30","36","3c","42","48","4e","54","5a","60"],["7","e","15","1c","23","2a","31","38","3f","46","4d","54","5b","62","69","70"],["8","10","18","20","28","30","38","40","48","50","58","60","68","70","78","80"],["9","12","1b","24","2d","36","3f","48","51","5a","63","6c","75","7e","87","90"],["a","14","1e","28","32","3c","46","50","5a","64","6e","78","82","8c","96","a0"],["b","16","21","2c","37","42","4d","58","63","6e","79","84","8f","9a","a5","b0"],["c","18","24","30","3c","48","54","60","6c","78","84","90","9c","a8","b4","c0"],["d","1a","27","34","41","4e","5b","68","75","82","8f","9c","a9","b6","c3","d0"],["e","1c","2a","38","46","54","62","70","7e","8c","9a","a8","b6","c4","d2","e0"],["f","1e","2d","3c","4b","5a","69","78","87","96","a5","b4","c3","d2","e1","f0"],["10","20","30","40","50","60","70","80","90","a0","b0","c0","d0","e0","f0","100"]]];